{
 "cells": [
  {
   "cell_type": "code",
   "execution_count": 1,
   "id": "dc7054e3",
   "metadata": {},
   "outputs": [],
   "source": [
    "import numpy as np\n",
    "from scipy.stats import norm\n",
    "import mne\n",
    "import scipy.io\n",
    "import scipy.signal as ss\n",
    "from scipy import stats\n",
    "from scipy.signal import hilbert,butter, lfilter,welch\n",
    "from scipy.integrate import simps\n",
    "from mne.time_frequency import psd_array_multitaper\n",
    "import matplotlib.pyplot as plt\n",
    "import matplotlib \n",
    "import seaborn as sns\n",
    "import pandas as pd"
   ]
  },
  {
   "cell_type": "markdown",
   "id": "ca4fede5",
   "metadata": {},
   "source": [
    "### deviding the main EEG signal to 14 different frequency band"
   ]
  },
  {
   "cell_type": "code",
   "execution_count": 2,
   "id": "406dd85c",
   "metadata": {},
   "outputs": [],
   "source": [
    "channel_num=21\n",
    "pearson_acceptance_threshold=0.3\n",
    "frequency_bands=[[1, 4],[4, 8],[8, 12],[12, 25], [25, 30],[30, 40],[40, 49],[8, 10],[10, 12],[12, 15],\n",
    "                 [15, 18], [18, 25], [30, 35], [35, 40]]\n",
    "###########to_do\n",
    "delta_limit=[1, 4]\n",
    " #delta,  theta, alpha,  beta,    h_beta,  gamma,   h_gamma, alpha_1,alpha_2, beta_1,  beta_2, beta_3,  gama_1,  gama_2\n",
    "    #[1, 4],[4, 8],[8, 12],[12, 25],[25, 30],[30, 40],[40, 49],[8, 10],[10, 12],[12, 15],[15, 18],[18, 25],[30, 35],[35, 40]\n",
    "\n",
    "num_subject=np.array([1,2,4,5,6,7,8,9,10,11,12,13,14,15,16,17,18,19,20,21,22,23,24,25,28,29,30,31,\n",
    "                      32,35,36,37,38,39,40,41,42,43])"
   ]
  },
  {
   "cell_type": "code",
   "execution_count": 3,
   "id": "a5ec1e0c",
   "metadata": {},
   "outputs": [],
   "source": [
    "def bandPower(data, sampling_rate, frequency_bands,method='welch', window_sec=None):\n",
    "    bp_absolute_list=[]\n",
    "    bp_relative_list=[]\n",
    "    for fb in frequency_bands:\n",
    "        fb_array=np.asarray(fb)\n",
    "        low_limitation, high_limitation = fb_array\n",
    "        # Compute the modified periodogram (Welch)\n",
    "        if method == 'welch':\n",
    "            if window_sec is not None:\n",
    "                num_of_sample_per_segment = window_sec * sampling_rate\n",
    "            #TODO: change window_sec to list to solve low_limitation\n",
    "            else:\n",
    "                num_of_sample_per_segment = (2 / low_limitation) * sampling_rate\n",
    "            #TODO: describe \n",
    "            freqs, psd = welch(data, sampling_rate, nperseg=num_of_sample_per_segment)\n",
    "        elif method == 'multitaper':\n",
    "             psd, freqs = psd_array_multitaper(data, sampling_rate, adaptive=True,\n",
    "                                          normalization='full', verbose=0)\n",
    "        # Frequency resolution\n",
    "        freq_res = freqs[1] - freqs[0]\n",
    "        \n",
    "        # Find index of band in frequency vector\n",
    "        idx_band = np.logical_and(freqs >= low_limitation, freqs <= high_limitation)\n",
    "        # Integral approximation of the spectrum using parabola (Simpson's rule)\n",
    "        bp = simps(psd[idx_band], dx=freq_res)\n",
    "        bp_general=simps(psd, dx=freq_res)\n",
    "        bp_relative=bp/bp_general\n",
    "        bp_absolute_list.append(bp)\n",
    "        bp_relative_list.append(bp_relative) \n",
    "        \n",
    "    return(bp_absolute_list + bp_relative_list)  "
   ]
  },
  {
   "cell_type": "code",
   "execution_count": 3,
   "id": "9c537dbc",
   "metadata": {},
   "outputs": [
    {
     "name": "stderr",
     "output_type": "stream",
     "text": [
      "<ipython-input-2-61457e090168>:57: RuntimeWarning: Iterative multi-taper PSD computation did not converge.\n",
      "  psd, freqs = psd_array_multitaper(data, sampling_rate, adaptive=True,\n",
      "<ipython-input-2-61457e090168>:57: RuntimeWarning: Iterative multi-taper PSD computation did not converge.\n",
      "  psd, freqs = psd_array_multitaper(data, sampling_rate, adaptive=True,\n",
      "<ipython-input-2-61457e090168>:57: RuntimeWarning: Iterative multi-taper PSD computation did not converge.\n",
      "  psd, freqs = psd_array_multitaper(data, sampling_rate, adaptive=True,\n",
      "<ipython-input-2-61457e090168>:57: RuntimeWarning: Iterative multi-taper PSD computation did not converge.\n",
      "  psd, freqs = psd_array_multitaper(data, sampling_rate, adaptive=True,\n",
      "<ipython-input-2-61457e090168>:57: RuntimeWarning: Iterative multi-taper PSD computation did not converge.\n",
      "  psd, freqs = psd_array_multitaper(data, sampling_rate, adaptive=True,\n",
      "<ipython-input-2-61457e090168>:57: RuntimeWarning: Iterative multi-taper PSD computation did not converge.\n",
      "  psd, freqs = psd_array_multitaper(data, sampling_rate, adaptive=True,\n",
      "<ipython-input-2-61457e090168>:57: RuntimeWarning: Iterative multi-taper PSD computation did not converge.\n",
      "  psd, freqs = psd_array_multitaper(data, sampling_rate, adaptive=True,\n",
      "<ipython-input-2-61457e090168>:57: RuntimeWarning: Iterative multi-taper PSD computation did not converge.\n",
      "  psd, freqs = psd_array_multitaper(data, sampling_rate, adaptive=True,\n"
     ]
    }
   ],
   "source": [
    "###power_calculation###\n",
    "band_power_all_band=np.zeros((channel_num,28))\n",
    "for i in range(len(num_subject)):\n",
    "    data= np.load('subject'+str(num_subject[i])+'_clean.npy')\n",
    "    band_power_all_band_local=band_power_all_band\n",
    "    for ii in range (channel_num):\n",
    "        band_power_all_band_local[ii] = bandPower(data[ii,:], 250 , frequency_bands,'multitaper')\n",
    "        \n",
    "    np.save('eeg_data_'+str(num_subject[i])+'_band_power_all_band', band_power_all_band_local)"
   ]
  },
  {
   "cell_type": "code",
   "execution_count": 71,
   "id": "3c216d5a",
   "metadata": {},
   "outputs": [],
   "source": [
    "###phase_lag_calculation###\n",
    "\n",
    "def butterBandpass(data, lower_limit_filter, upper_limit_filter, sampling_rate, order=4):\n",
    "    \"\"\"\n",
    "    This func is for filtering signal between lower and upper bounds\n",
    "    the methods are used from scipy.signal lib\n",
    "    \"\"\"\n",
    "    nyquist_coeff = 0.5 * sampling_rate\n",
    "    low_frequences_filter = lower_limit_filter / nyquist_coeff\n",
    "    high_frequences_filter = upper_limit_filter / nyquist_coeff\n",
    "    numerator_filter, denominator_filter = butter(order, \n",
    "                                                  [low_frequences_filter, high_frequences_filter],\n",
    "                                                  btype='band')\n",
    "\n",
    "    # based on numinator and denominator the filter signal ...                                            \n",
    "    filtered_signal = lfilter(numerator_filter, denominator_filter, data)\n",
    "    return filtered_signal"
   ]
  },
  {
   "cell_type": "code",
   "execution_count": 45,
   "id": "a800e31d",
   "metadata": {},
   "outputs": [
    {
     "ename": "KeyboardInterrupt",
     "evalue": "",
     "output_type": "error",
     "traceback": [
      "\u001b[1;31m---------------------------------------------------------------------------\u001b[0m",
      "\u001b[1;31mKeyboardInterrupt\u001b[0m                         Traceback (most recent call last)",
      "\u001b[1;32m<ipython-input-45-efa6ed699c60>\u001b[0m in \u001b[0;36m<module>\u001b[1;34m\u001b[0m\n\u001b[0;32m     44\u001b[0m             \u001b[0mch2_alpha\u001b[0m\u001b[1;33m=\u001b[0m\u001b[0mfilter_signal_alpha\u001b[0m\u001b[1;33m[\u001b[0m\u001b[0mj\u001b[0m\u001b[1;33m,\u001b[0m\u001b[1;33m:\u001b[0m\u001b[1;33m]\u001b[0m\u001b[1;33m\u001b[0m\u001b[1;33m\u001b[0m\u001b[0m\n\u001b[0;32m     45\u001b[0m             \u001b[0mx1_alpha\u001b[0m\u001b[1;33m=\u001b[0m \u001b[0mhilbert\u001b[0m\u001b[1;33m(\u001b[0m\u001b[0mch1_alpha\u001b[0m\u001b[1;33m)\u001b[0m\u001b[1;33m\u001b[0m\u001b[1;33m\u001b[0m\u001b[0m\n\u001b[1;32m---> 46\u001b[1;33m             \u001b[0mx2_alpha\u001b[0m \u001b[1;33m=\u001b[0m \u001b[0mhilbert\u001b[0m\u001b[1;33m(\u001b[0m\u001b[0mch2_alpha\u001b[0m\u001b[1;33m)\u001b[0m\u001b[1;33m\u001b[0m\u001b[1;33m\u001b[0m\u001b[0m\n\u001b[0m\u001b[0;32m     47\u001b[0m             \u001b[0mc_alpha\u001b[0m \u001b[1;33m=\u001b[0m \u001b[0mnp\u001b[0m\u001b[1;33m.\u001b[0m\u001b[0minner\u001b[0m\u001b[1;33m(\u001b[0m \u001b[0mx1_alpha\u001b[0m\u001b[1;33m,\u001b[0m \u001b[0mnp\u001b[0m\u001b[1;33m.\u001b[0m\u001b[0mconj\u001b[0m\u001b[1;33m(\u001b[0m\u001b[0mx2_alpha\u001b[0m\u001b[1;33m)\u001b[0m \u001b[1;33m)\u001b[0m\u001b[1;33m/\u001b[0m\u001b[0mnp\u001b[0m\u001b[1;33m.\u001b[0m\u001b[0msqrt\u001b[0m\u001b[1;33m(\u001b[0m \u001b[0mnp\u001b[0m\u001b[1;33m.\u001b[0m\u001b[0minner\u001b[0m\u001b[1;33m(\u001b[0m\u001b[0mx1_alpha\u001b[0m\u001b[1;33m,\u001b[0m\u001b[0mnp\u001b[0m\u001b[1;33m.\u001b[0m\u001b[0mconj\u001b[0m\u001b[1;33m(\u001b[0m\u001b[0mx1_alpha\u001b[0m\u001b[1;33m)\u001b[0m\u001b[1;33m)\u001b[0m \u001b[1;33m*\u001b[0m \u001b[0mnp\u001b[0m\u001b[1;33m.\u001b[0m\u001b[0minner\u001b[0m\u001b[1;33m(\u001b[0m\u001b[0mx2_alpha\u001b[0m\u001b[1;33m,\u001b[0m\u001b[0mnp\u001b[0m\u001b[1;33m.\u001b[0m\u001b[0mconj\u001b[0m\u001b[1;33m(\u001b[0m\u001b[0mx2_alpha\u001b[0m\u001b[1;33m)\u001b[0m\u001b[1;33m)\u001b[0m\u001b[1;33m)\u001b[0m\u001b[1;33m\u001b[0m\u001b[1;33m\u001b[0m\u001b[0m\n\u001b[0;32m     48\u001b[0m             \u001b[0mphase_diff_alpha\u001b[0m\u001b[1;33m[\u001b[0m\u001b[0mjj\u001b[0m\u001b[1;33m,\u001b[0m\u001b[0mj\u001b[0m\u001b[1;33m]\u001b[0m\u001b[1;33m=\u001b[0m \u001b[0mnp\u001b[0m\u001b[1;33m.\u001b[0m\u001b[0mangle\u001b[0m\u001b[1;33m(\u001b[0m\u001b[0mc_alpha\u001b[0m\u001b[1;33m)\u001b[0m\u001b[1;33m\u001b[0m\u001b[1;33m\u001b[0m\u001b[0m\n",
      "\u001b[1;32mC:\\ProgramData\\Anaconda3\\lib\\site-packages\\scipy\\signal\\signaltools.py\u001b[0m in \u001b[0;36mhilbert\u001b[1;34m(x, N, axis)\u001b[0m\n\u001b[0;32m   2274\u001b[0m         \u001b[0mind\u001b[0m\u001b[1;33m[\u001b[0m\u001b[0maxis\u001b[0m\u001b[1;33m]\u001b[0m \u001b[1;33m=\u001b[0m \u001b[0mslice\u001b[0m\u001b[1;33m(\u001b[0m\u001b[1;32mNone\u001b[0m\u001b[1;33m)\u001b[0m\u001b[1;33m\u001b[0m\u001b[1;33m\u001b[0m\u001b[0m\n\u001b[0;32m   2275\u001b[0m         \u001b[0mh\u001b[0m \u001b[1;33m=\u001b[0m \u001b[0mh\u001b[0m\u001b[1;33m[\u001b[0m\u001b[0mtuple\u001b[0m\u001b[1;33m(\u001b[0m\u001b[0mind\u001b[0m\u001b[1;33m)\u001b[0m\u001b[1;33m]\u001b[0m\u001b[1;33m\u001b[0m\u001b[1;33m\u001b[0m\u001b[0m\n\u001b[1;32m-> 2276\u001b[1;33m     \u001b[0mx\u001b[0m \u001b[1;33m=\u001b[0m \u001b[0msp_fft\u001b[0m\u001b[1;33m.\u001b[0m\u001b[0mifft\u001b[0m\u001b[1;33m(\u001b[0m\u001b[0mXf\u001b[0m \u001b[1;33m*\u001b[0m \u001b[0mh\u001b[0m\u001b[1;33m,\u001b[0m \u001b[0maxis\u001b[0m\u001b[1;33m=\u001b[0m\u001b[0maxis\u001b[0m\u001b[1;33m)\u001b[0m\u001b[1;33m\u001b[0m\u001b[1;33m\u001b[0m\u001b[0m\n\u001b[0m\u001b[0;32m   2277\u001b[0m     \u001b[1;32mreturn\u001b[0m \u001b[0mx\u001b[0m\u001b[1;33m\u001b[0m\u001b[1;33m\u001b[0m\u001b[0m\n\u001b[0;32m   2278\u001b[0m \u001b[1;33m\u001b[0m\u001b[0m\n",
      "\u001b[1;32mC:\\ProgramData\\Anaconda3\\lib\\site-packages\\scipy\\fft\\_backend.py\u001b[0m in \u001b[0;36m__ua_function__\u001b[1;34m(method, args, kwargs)\u001b[0m\n\u001b[0;32m     21\u001b[0m         \u001b[1;32mif\u001b[0m \u001b[0mfn\u001b[0m \u001b[1;32mis\u001b[0m \u001b[1;32mNone\u001b[0m\u001b[1;33m:\u001b[0m\u001b[1;33m\u001b[0m\u001b[1;33m\u001b[0m\u001b[0m\n\u001b[0;32m     22\u001b[0m             \u001b[1;32mreturn\u001b[0m \u001b[0mNotImplemented\u001b[0m\u001b[1;33m\u001b[0m\u001b[1;33m\u001b[0m\u001b[0m\n\u001b[1;32m---> 23\u001b[1;33m         \u001b[1;32mreturn\u001b[0m \u001b[0mfn\u001b[0m\u001b[1;33m(\u001b[0m\u001b[1;33m*\u001b[0m\u001b[0margs\u001b[0m\u001b[1;33m,\u001b[0m \u001b[1;33m**\u001b[0m\u001b[0mkwargs\u001b[0m\u001b[1;33m)\u001b[0m\u001b[1;33m\u001b[0m\u001b[1;33m\u001b[0m\u001b[0m\n\u001b[0m\u001b[0;32m     24\u001b[0m \u001b[1;33m\u001b[0m\u001b[0m\n\u001b[0;32m     25\u001b[0m \u001b[1;33m\u001b[0m\u001b[0m\n",
      "\u001b[1;32mC:\\ProgramData\\Anaconda3\\lib\\site-packages\\scipy\\fft\\_pocketfft\\basic.py\u001b[0m in \u001b[0;36mc2c\u001b[1;34m(forward, x, n, axis, norm, overwrite_x, workers, plan)\u001b[0m\n\u001b[0;32m     29\u001b[0m     \u001b[0mout\u001b[0m \u001b[1;33m=\u001b[0m \u001b[1;33m(\u001b[0m\u001b[0mtmp\u001b[0m \u001b[1;32mif\u001b[0m \u001b[0moverwrite_x\u001b[0m \u001b[1;32mand\u001b[0m \u001b[0mtmp\u001b[0m\u001b[1;33m.\u001b[0m\u001b[0mdtype\u001b[0m\u001b[1;33m.\u001b[0m\u001b[0mkind\u001b[0m \u001b[1;33m==\u001b[0m \u001b[1;34m'c'\u001b[0m \u001b[1;32melse\u001b[0m \u001b[1;32mNone\u001b[0m\u001b[1;33m)\u001b[0m\u001b[1;33m\u001b[0m\u001b[1;33m\u001b[0m\u001b[0m\n\u001b[0;32m     30\u001b[0m \u001b[1;33m\u001b[0m\u001b[0m\n\u001b[1;32m---> 31\u001b[1;33m     \u001b[1;32mreturn\u001b[0m \u001b[0mpfft\u001b[0m\u001b[1;33m.\u001b[0m\u001b[0mc2c\u001b[0m\u001b[1;33m(\u001b[0m\u001b[0mtmp\u001b[0m\u001b[1;33m,\u001b[0m \u001b[1;33m(\u001b[0m\u001b[0maxis\u001b[0m\u001b[1;33m,\u001b[0m\u001b[1;33m)\u001b[0m\u001b[1;33m,\u001b[0m \u001b[0mforward\u001b[0m\u001b[1;33m,\u001b[0m \u001b[0mnorm\u001b[0m\u001b[1;33m,\u001b[0m \u001b[0mout\u001b[0m\u001b[1;33m,\u001b[0m \u001b[0mworkers\u001b[0m\u001b[1;33m)\u001b[0m\u001b[1;33m\u001b[0m\u001b[1;33m\u001b[0m\u001b[0m\n\u001b[0m\u001b[0;32m     32\u001b[0m \u001b[1;33m\u001b[0m\u001b[0m\n\u001b[0;32m     33\u001b[0m \u001b[1;33m\u001b[0m\u001b[0m\n",
      "\u001b[1;31mKeyboardInterrupt\u001b[0m: "
     ]
    }
   ],
   "source": [
    "###phase_lag_calculation###\n",
    "\n",
    "for i in range(len(num_subject)):\n",
    "    data= np.load('subject'+str(num_subject[i])+'_clean.npy')       \n",
    "\n",
    "    \n",
    "    phase_diff_delta=np.zeros((channel_num,channel_num))\n",
    "    phase_diff_theta=np.zeros((channel_num,channel_num))\n",
    "    phase_diff_alpha=np.zeros((channel_num,channel_num))\n",
    "    phase_diff_beta=np.zeros((channel_num,channel_num))\n",
    "    phase_diff_h_beta=np.zeros((channel_num,channel_num))\n",
    "    phase_diff_beta1=np.zeros((channel_num,channel_num))\n",
    "    phase_diff_beta2=np.zeros((channel_num,channel_num))\n",
    "    phase_diff_beta3=np.zeros((channel_num,channel_num))\n",
    "    phase_diff_gamma1=np.zeros((channel_num,channel_num))\n",
    "    phase_diff_gamma2=np.zeros((channel_num,channel_num))\n",
    "    \n",
    "    for jj in range (channel_num):\n",
    "        for j in range (channel_num):\n",
    "            ch1_delta=filter_signal_delta[jj,:]\n",
    "            ch2_delta=filter_signal_delta[j,:] \n",
    "            x1_delta= hilbert(ch1_delta)\n",
    "            x2_delta = hilbert(ch2_delta)\n",
    "            c_delta = np.inner( x1_delta, np.conj(x2_delta) )/np.sqrt( np.inner(x1_delta,np.conj(x1_delta)) * np.inner(x2_delta,np.conj(x2_delta)))\n",
    "            phase_diff_delta[jj,j]= np.angle(c_delta)\n",
    "       \n",
    "            ch1_theta=filter_signal_theta[jj,:]\n",
    "            ch2_theta=filter_signal_theta[j,:] \n",
    "            x1_theta= hilbert(ch1_theta)\n",
    "            x2_theta = hilbert(ch2_theta)\n",
    "            c_theta = np.inner( x1_theta, np.conj(x2_theta) )/np.sqrt( np.inner(x1_theta,np.conj(x1_theta)) * np.inner(x2_theta,np.conj(x2_theta)))\n",
    "            phase_diff_theta[jj,j]= np.angle(c_theta)\n",
    "       \n",
    "            ch1_alpha=filter_signal_alpha[jj,:]\n",
    "            ch2_alpha=filter_signal_alpha[j,:] \n",
    "            x1_alpha= hilbert(ch1_alpha)\n",
    "            x2_alpha = hilbert(ch2_alpha)\n",
    "            c_alpha = np.inner( x1_alpha, np.conj(x2_alpha) )/np.sqrt( np.inner(x1_alpha,np.conj(x1_alpha)) * np.inner(x2_alpha,np.conj(x2_alpha)))\n",
    "            phase_diff_alpha[jj,j]= np.angle(c_alpha)\n",
    "        \n",
    "            ch1_beta=filter_signal_beta[jj,:]\n",
    "            ch2_beta=filter_signal_beta[j,:] \n",
    "            x1_beta= hilbert(ch1_beta)\n",
    "            x2_beta = hilbert(ch2_beta)\n",
    "            c_beta= np.inner( x1_beta, np.conj(x2_beta) )/np.sqrt( np.inner(x1_beta,np.conj(x1_beta)) * np.inner(x2_beta,np.conj(x2_beta)))\n",
    "            phase_diff_beta[jj,j]= np.angle(c_beta)\n",
    "       \n",
    "       \n",
    "            ch1_h_beta=filter_signal_h_beta[jj,:]\n",
    "            ch2_h_beta=filter_signal_h_beta[j,:] \n",
    "            x1_h_beta= hilbert(ch1_h_beta)\n",
    "            x2_h_beta = hilbert(ch2_h_beta)\n",
    "            c_h_beta = np.inner( x1_h_beta, np.conj(x2_h_beta) )/np.sqrt( np.inner(x1_h_beta,np.conj(x1_h_beta)) * np.inner(x2_h_beta,np.conj(x2_h_beta)))\n",
    "            phase_diff_h_beta[jj,j]= np.angle(c_h_beta)\n",
    "        \n",
    "            ch1_beta1=filter_signal_beta1[jj,:]\n",
    "            ch2_beta1=filter_signal_beta1[j,:] \n",
    "            x1_beta1= hilbert(ch1_beta1)\n",
    "            x2_beta1 = hilbert(ch2_beta1)\n",
    "            c_beta1= np.inner( x1_beta1, np.conj(x2_beta1) )/np.sqrt( np.inner(x1_beta1,np.conj(x1_beta1)) * np.inner(x2_beta1,np.conj(x2_beta1)))\n",
    "            phase_diff_beta1[jj,j]= np.angle(c_beta1)\n",
    "        \n",
    "            ch1_beta2=filter_signal_beta2[jj,:]\n",
    "            ch2_beta2=filter_signal_beta2[j,:] \n",
    "            x1_beta2= hilbert(ch1_beta2)\n",
    "            x2_beta2 = hilbert(ch2_beta2)\n",
    "            c_beta2 = np.inner( x1_beta2, np.conj(x2_beta2) )/np.sqrt( np.inner(x1_beta2,np.conj(x1_beta2)) * np.inner(x2_beta2,np.conj(x2_beta2)))\n",
    "            phase_diff_beta2[jj,j]= np.angle(c_beta2)\n",
    "       \n",
    "            ch1_beta3=filter_signal_beta3[jj,:]\n",
    "            ch2_beta3=filter_signal_beta3[j,:] \n",
    "            x1_beta3= hilbert(ch1_beta3)\n",
    "            x2_beta3 = hilbert(ch2_beta3)\n",
    "            c_beta3 = np.inner( x1_beta3, np.conj(x2_beta3) )/np.sqrt( np.inner(x1_beta3,np.conj(x1_beta3)) * np.inner(x2_beta3,np.conj(x2_beta3)))\n",
    "            phase_diff_beta3[jj,j]= np.angle(c_beta3)\n",
    "       \n",
    "            ch1_gamma1=filter_signal_gamma_1[jj,:]\n",
    "            ch2_gamma1=filter_signal_gamma_1[j,:] \n",
    "            x1_gamma1= hilbert(ch1_gamma1)\n",
    "            x2_gamma1 = hilbert(ch2_gamma1)\n",
    "            c_gamma1 = np.inner( x1_gamma1,np.conj(x2_gamma1) )/np.sqrt( np.inner(x1_gamma1,np.conj(x1_gamma1)) * np.inner(x2_gamma1,np.conj(x2_gamma1)))\n",
    "            phase_diff_gamma1[jj,j]= np.angle(c_gamma1)\n",
    "       \n",
    "            ch1_gamma2=filter_signal_gamma_2[jj,:]\n",
    "            ch2_gamma2=filter_signal_gamma_2[j,:] \n",
    "            x1_gamma2= hilbert(ch1_gamma2)\n",
    "            x2_gamma2 = hilbert(ch2_gamma2)\n",
    "            c_gamma2 = np.inner( x1_gamma2, np.conj(x2_gamma2) )/np.sqrt( np.inner(x1_gamma2,np.conj(x1_gamma2)) * np.inner(x2_gamma2,np.conj(x2_gamma2)))\n",
    "            phase_diff_gamma2[jj,j]= np.angle(c_gamma2)\n",
    "       \n",
    "    phase_diff_all_band=[phase_diff_delta,phase_diff_theta,phase_diff_alpha,phase_diff_beta,phase_diff_h_beta,\n",
    "                             phase_diff_beta1,phase_diff_beta2,phase_diff_beta3,phase_diff_gamma1,phase_diff_gamma2]                                                         \n",
    "    np.save('eeg_data_'+str(num_subject[i])+'_phase_diff_all_band', phase_diff_all_band) "
   ]
  },
  {
   "cell_type": "code",
   "execution_count": 37,
   "id": "22612243",
   "metadata": {},
   "outputs": [
    {
     "name": "stdout",
     "output_type": "stream",
     "text": [
      "[[[1.         0.99334772 0.95888977 ... 0.00602408 0.02109145 0.04830207]\n",
      "  [0.99334772 1.         0.98358213 ... 0.00834449 0.01914267 0.04759259]\n",
      "  [0.95888977 0.98358213 1.         ... 0.01246902 0.01744716 0.0480499 ]\n",
      "  ...\n",
      "  [0.00602408 0.00834449 0.01246902 ... 1.         0.51018991 0.00438879]\n",
      "  [0.02109145 0.01914267 0.01744716 ... 0.51018991 1.         0.410747  ]\n",
      "  [0.04830207 0.04759259 0.0480499  ... 0.00438879 0.410747   1.        ]]\n",
      "\n",
      " [[1.         0.99204482 0.956319   ... 0.03364301 0.00423149 0.00244397]\n",
      "  [0.99204482 1.         0.98429477 ... 0.04894103 0.00770838 0.00229753]\n",
      "  [0.956319   0.98429477 1.         ... 0.07337598 0.01434877 0.00299354]\n",
      "  ...\n",
      "  [0.03364301 0.04894103 0.07337598 ... 1.         0.61869643 0.1399109 ]\n",
      "  [0.00423149 0.00770838 0.01434877 ... 0.61869643 1.         0.65646759]\n",
      "  [0.00244397 0.00229753 0.00299354 ... 0.1399109  0.65646759 1.        ]]\n",
      "\n",
      " [[1.         0.99318885 0.96618687 ... 0.17057122 0.10213086 0.06987725]\n",
      "  [0.99318885 1.         0.98882006 ... 0.19707267 0.1149151  0.07595274]\n",
      "  [0.96618687 0.98882006 1.         ... 0.22728168 0.12792773 0.08155283]\n",
      "  ...\n",
      "  [0.17057122 0.19707267 0.22728168 ... 1.         0.64932921 0.28534704]\n",
      "  [0.10213086 0.1149151  0.12792773 ... 0.64932921 1.         0.82441042]\n",
      "  [0.06987725 0.07595274 0.08155283 ... 0.28534704 0.82441042 1.        ]]\n",
      "\n",
      " ...\n",
      "\n",
      " [[1.         0.9988995  0.99472898 ... 0.66658619 0.18417202 0.11361776]\n",
      "  [0.9988995  1.         0.99831361 ... 0.66900054 0.18334495 0.11302405]\n",
      "  [0.99472898 0.99831361 1.         ... 0.67155909 0.18193648 0.11223424]\n",
      "  ...\n",
      "  [0.66658619 0.66900054 0.67155909 ... 1.         0.45334005 0.20463554]\n",
      "  [0.18417202 0.18334495 0.18193648 ... 0.45334005 1.         0.86819424]\n",
      "  [0.11361776 0.11302405 0.11223424 ... 0.20463554 0.86819424 1.        ]]\n",
      "\n",
      " [[1.         0.99507927 0.97771599 ... 0.24286093 0.10542132 0.06081159]\n",
      "  [0.99507927 1.         0.99337001 ... 0.25445637 0.10597719 0.05956974]\n",
      "  [0.97771599 0.99337001 1.         ... 0.26497172 0.10451947 0.05717737]\n",
      "  ...\n",
      "  [0.24286093 0.25445637 0.26497172 ... 1.         0.42591609 0.14293049]\n",
      "  [0.10542132 0.10597719 0.10451947 ... 0.42591609 1.         0.86668404]\n",
      "  [0.06081159 0.05956974 0.05717737 ... 0.14293049 0.86668404 1.        ]]\n",
      "\n",
      " [[1.         0.99232549 0.96451699 ... 0.14771709 0.0742619  0.06416333]\n",
      "  [0.99232549 1.         0.98916843 ... 0.16056403 0.07713096 0.06684717]\n",
      "  [0.96451699 0.98916843 1.         ... 0.17063023 0.07838242 0.07045766]\n",
      "  ...\n",
      "  [0.14771709 0.16056403 0.17063023 ... 1.         0.63382839 0.25806274]\n",
      "  [0.0742619  0.07713096 0.07838242 ... 0.63382839 1.         0.81186467]\n",
      "  [0.06416333 0.06684717 0.07045766 ... 0.25806274 0.81186467 1.        ]]]\n",
      "[[[1.         0.99255396 0.96119649 ... 0.02861951 0.03332639 0.05843691]\n",
      "  [0.99255396 1.         0.98734888 ... 0.03870831 0.03163491 0.06014684]\n",
      "  [0.96119649 0.98734888 1.         ... 0.05347918 0.02824151 0.05951268]\n",
      "  ...\n",
      "  [0.02861951 0.03870831 0.05347918 ... 1.         0.42805178 0.00912862]\n",
      "  [0.03332639 0.03163491 0.02824151 ... 0.42805178 1.         0.53804307]\n",
      "  [0.05843691 0.06014684 0.05951268 ... 0.00912862 0.53804307 1.        ]]\n",
      "\n",
      " [[1.         0.99241145 0.96532918 ... 0.05490191 0.0269364  0.06651806]\n",
      "  [0.99241145 1.         0.9898179  ... 0.06638357 0.02544835 0.06978851]\n",
      "  [0.96532918 0.9898179  1.         ... 0.0812513  0.0225757  0.07152269]\n",
      "  ...\n",
      "  [0.05490191 0.06638357 0.0812513  ... 1.         0.40891987 0.03162077]\n",
      "  [0.0269364  0.02544835 0.0225757  ... 0.40891987 1.         0.64252688]\n",
      "  [0.06651806 0.06978851 0.07152269 ... 0.03162077 0.64252688 1.        ]]\n",
      "\n",
      " [[1.         0.99256694 0.96564363 ... 0.15344027 0.02920913 0.03242063]\n",
      "  [0.99256694 1.         0.98978618 ... 0.16974732 0.03075652 0.0331112 ]\n",
      "  [0.96564363 0.98978618 1.         ... 0.1864178  0.03150821 0.03327264]\n",
      "  ...\n",
      "  [0.15344027 0.16974732 0.1864178  ... 1.         0.48642987 0.08855392]\n",
      "  [0.02920913 0.03075652 0.03150821 ... 0.48642987 1.         0.71823785]\n",
      "  [0.03242063 0.0331112  0.03327264 ... 0.08855392 0.71823785 1.        ]]\n",
      "\n",
      " ...\n",
      "\n",
      " [[1.         0.9969851  0.98725512 ... 0.44382134 0.04058927 0.02306716]\n",
      "  [0.9969851  1.         0.99644775 ... 0.45044723 0.04041046 0.02386516]\n",
      "  [0.98725512 0.99644775 1.         ... 0.44956369 0.03762051 0.02410185]\n",
      "  ...\n",
      "  [0.44382134 0.45044723 0.44956369 ... 1.         0.48017357 0.29200928]\n",
      "  [0.04058927 0.04041046 0.03762051 ... 0.48017357 1.         0.94285893]\n",
      "  [0.02306716 0.02386516 0.02410185 ... 0.29200928 0.94285893 1.        ]]\n",
      "\n",
      " [[1.         0.99070049 0.95925327 ... 0.24944393 0.0601965  0.01001788]\n",
      "  [0.99070049 1.         0.98822696 ... 0.28538953 0.06817758 0.01069588]\n",
      "  [0.95925327 0.98822696 1.         ... 0.31921677 0.07386998 0.01080045]\n",
      "  ...\n",
      "  [0.24944393 0.28538953 0.31921677 ... 1.         0.50562538 0.14154173]\n",
      "  [0.0601965  0.06817758 0.07386998 ... 0.50562538 1.         0.79845695]\n",
      "  [0.01001788 0.01069588 0.01080045 ... 0.14154173 0.79845695 1.        ]]\n",
      "\n",
      " [[1.         0.99008841 0.95806494 ... 0.20989365 0.06960139 0.02021581]\n",
      "  [0.99008841 1.         0.98818205 ... 0.24084752 0.07722297 0.02085528]\n",
      "  [0.95806494 0.98818205 1.         ... 0.26534879 0.0798592  0.01959877]\n",
      "  ...\n",
      "  [0.20989365 0.24084752 0.26534879 ... 1.         0.62600484 0.24857039]\n",
      "  [0.06960139 0.07722297 0.0798592  ... 0.62600484 1.         0.81978453]\n",
      "  [0.02021581 0.02085528 0.01959877 ... 0.24857039 0.81978453 1.        ]]]\n",
      "[[[1.         0.99068205 0.96389481 ... 0.18553804 0.0313196  0.08208166]\n",
      "  [0.99068205 1.         0.99079665 ... 0.19738174 0.03141234 0.08956492]\n",
      "  [0.96389481 0.99079665 1.         ... 0.20494489 0.03189909 0.09804332]\n",
      "  ...\n",
      "  [0.18553804 0.19738174 0.20494489 ... 1.         0.29066709 0.02496346]\n",
      "  [0.0313196  0.03141234 0.03189909 ... 0.29066709 1.         0.78408344]\n",
      "  [0.08208166 0.08956492 0.09804332 ... 0.02496346 0.78408344 1.        ]]\n",
      "\n",
      " [[1.         0.99407613 0.97612439 ... 0.22200368 0.02448458 0.01186429]\n",
      "  [0.99407613 1.         0.99351433 ... 0.23360419 0.02576253 0.0121509 ]\n",
      "  [0.97612439 0.99351433 1.         ... 0.2406581  0.02586391 0.01320073]\n",
      "  ...\n",
      "  [0.22200368 0.23360419 0.2406581  ... 1.         0.62454649 0.27993485]\n",
      "  [0.02448458 0.02576253 0.02586391 ... 0.62454649 1.         0.85277585]\n",
      "  [0.01186429 0.0121509  0.01320073 ... 0.27993485 0.85277585 1.        ]]\n",
      "\n",
      " [[1.         0.99548011 0.98218322 ... 0.21818143 0.0293483  0.01535866]\n",
      "  [0.99548011 1.         0.99521144 ... 0.22634935 0.03152117 0.01629942]\n",
      "  [0.98218322 0.99521144 1.         ... 0.22691515 0.03192587 0.01835138]\n",
      "  ...\n",
      "  [0.21818143 0.22634935 0.22691515 ... 1.         0.62640385 0.30884295]\n",
      "  [0.0293483  0.03152117 0.03192587 ... 0.62640385 1.         0.87933544]\n",
      "  [0.01535866 0.01629942 0.01835138 ... 0.30884295 0.87933544 1.        ]]\n",
      "\n",
      " ...\n",
      "\n",
      " [[1.         0.99941991 0.99787218 ... 0.66168105 0.25864194 0.27533561]\n",
      "  [0.99941991 1.         0.9994643  ... 0.66054333 0.25822128 0.27552035]\n",
      "  [0.99787218 0.9994643  1.         ... 0.65872061 0.25659343 0.27444603]\n",
      "  ...\n",
      "  [0.66168105 0.66054333 0.65872061 ... 1.         0.44018539 0.31684768]\n",
      "  [0.25864194 0.25822128 0.25659343 ... 0.44018539 1.         0.93333707]\n",
      "  [0.27533561 0.27552035 0.27444603 ... 0.31684768 0.93333707 1.        ]]\n",
      "\n",
      " [[1.         0.99790534 0.99218402 ... 0.32891757 0.04445817 0.03779983]\n",
      "  [0.99790534 1.         0.99800875 ... 0.34209928 0.04764601 0.03901118]\n",
      "  [0.99218402 0.99800875 1.         ... 0.34783108 0.0478697  0.03857099]\n",
      "  ...\n",
      "  [0.32891757 0.34209928 0.34783108 ... 1.         0.54325242 0.23754822]\n",
      "  [0.04445817 0.04764601 0.0478697  ... 0.54325242 1.         0.84132307]\n",
      "  [0.03779983 0.03901118 0.03857099 ... 0.23754822 0.84132307 1.        ]]\n",
      "\n",
      " [[1.         0.99839743 0.99384628 ... 0.48553622 0.1084307  0.09198573]\n",
      "  [0.99839743 1.         0.99840591 ... 0.49280208 0.11193069 0.09405932]\n",
      "  [0.99384628 0.99840591 1.         ... 0.49358306 0.11187942 0.09379738]\n",
      "  ...\n",
      "  [0.48553622 0.49280208 0.49358306 ... 1.         0.53899769 0.29349268]\n",
      "  [0.1084307  0.11193069 0.11187942 ... 0.53899769 1.         0.86025708]\n",
      "  [0.09198573 0.09405932 0.09379738 ... 0.29349268 0.86025708 1.        ]]]\n",
      "[[[1.         0.95216768 0.81393472 ... 0.07219382 0.02967189 0.0358992 ]\n",
      "  [0.95216768 1.         0.94952648 ... 0.07624001 0.03725789 0.04277427]\n",
      "  [0.81393472 0.94952648 1.         ... 0.07824659 0.04317314 0.04790341]\n",
      "  ...\n",
      "  [0.07219382 0.07624001 0.07824659 ... 1.         0.11740567 0.01524667]\n",
      "  [0.02967189 0.03725789 0.04317314 ... 0.11740567 1.         0.49520537]\n",
      "  [0.0358992  0.04277427 0.04790341 ... 0.01524667 0.49520537 1.        ]]\n",
      "\n",
      " [[1.         0.96682439 0.8672552  ... 0.18401324 0.06291655 0.12792396]\n",
      "  [0.96682439 1.         0.96417716 ... 0.19601201 0.06691537 0.14276886]\n",
      "  [0.8672552  0.96417716 1.         ... 0.19993578 0.06752849 0.15205575]\n",
      "  ...\n",
      "  [0.18401324 0.19601201 0.19993578 ... 1.         0.21579535 0.02980484]\n",
      "  [0.06291655 0.06691537 0.06752849 ... 0.21579535 1.         0.82395262]\n",
      "  [0.12792396 0.14276886 0.15205575 ... 0.02980484 0.82395262 1.        ]]\n",
      "\n",
      " [[1.         0.9757045  0.90215176 ... 0.2942932  0.01075829 0.02771652]\n",
      "  [0.9757045  1.         0.97381734 ... 0.29263249 0.01025882 0.03191543]\n",
      "  [0.90215176 0.97381734 1.         ... 0.27906681 0.0097532  0.0364073 ]\n",
      "  ...\n",
      "  [0.2942932  0.29263249 0.27906681 ... 1.         0.27332637 0.05006565]\n",
      "  [0.01075829 0.01025882 0.0097532  ... 0.27332637 1.         0.82975463]\n",
      "  [0.02771652 0.03191543 0.0364073  ... 0.05006565 0.82975463 1.        ]]\n",
      "\n",
      " ...\n",
      "\n",
      " [[1.         0.99896408 0.99595407 ... 0.71851582 0.05459244 0.06730804]\n",
      "  [0.99896408 1.         0.99897847 ... 0.71819147 0.05447655 0.06777891]\n",
      "  [0.99595407 0.99897847 1.         ... 0.7165014  0.05384517 0.06830709]\n",
      "  ...\n",
      "  [0.71851582 0.71819147 0.7165014  ... 1.         0.22459866 0.08418121]\n",
      "  [0.05459244 0.05447655 0.05384517 ... 0.22459866 1.         0.86847119]\n",
      "  [0.06730804 0.06777891 0.06830709 ... 0.08418121 0.86847119 1.        ]]\n",
      "\n",
      " [[1.         0.99144574 0.96559136 ... 0.28353425 0.01150837 0.01605606]\n",
      "  [0.99144574 1.         0.99098834 ... 0.29057035 0.01137221 0.01721612]\n",
      "  [0.96559136 0.99098834 1.         ... 0.29200998 0.01093685 0.01870536]\n",
      "  ...\n",
      "  [0.28353425 0.29057035 0.29200998 ... 1.         0.40828929 0.10119186]\n",
      "  [0.01150837 0.01137221 0.01093685 ... 0.40828929 1.         0.8249512 ]\n",
      "  [0.01605606 0.01721612 0.01870536 ... 0.10119186 0.8249512  1.        ]]\n",
      "\n",
      " [[1.         0.99143439 0.96594006 ... 0.26833938 0.02033201 0.016909  ]\n",
      "  [0.99143439 1.         0.99117654 ... 0.27775597 0.0198064  0.01585623]\n",
      "  [0.96594006 0.99117654 1.         ... 0.28235343 0.01906177 0.01475977]\n",
      "  ...\n",
      "  [0.26833938 0.27775597 0.28235343 ... 1.         0.42350542 0.05843976]\n",
      "  [0.02033201 0.0198064  0.01906177 ... 0.42350542 1.         0.73298224]\n",
      "  [0.016909   0.01585623 0.01475977 ... 0.05843976 0.73298224 1.        ]]]\n"
     ]
    },
    {
     "name": "stdout",
     "output_type": "stream",
     "text": [
      "[[[1.         0.98645543 0.9375297  ... 0.03184458 0.01595222 0.02324136]\n",
      "  [0.98645543 1.         0.98094045 ... 0.04054257 0.01479491 0.02655945]\n",
      "  [0.9375297  0.98094045 1.         ... 0.04850175 0.01552506 0.03199194]\n",
      "  ...\n",
      "  [0.03184458 0.04054257 0.04850175 ... 1.         0.43877992 0.09177849]\n",
      "  [0.01595222 0.01479491 0.01552506 ... 0.43877992 1.         0.75004645]\n",
      "  [0.02324136 0.02655945 0.03199194 ... 0.09177849 0.75004645 1.        ]]\n",
      "\n",
      " [[1.         0.98843913 0.95128907 ... 0.11424208 0.02115896 0.07125867]\n",
      "  [0.98843913 1.         0.98604839 ... 0.11852849 0.0216235  0.07434297]\n",
      "  [0.95128907 0.98604839 1.         ... 0.11825633 0.0221836  0.0776981 ]\n",
      "  ...\n",
      "  [0.11424208 0.11852849 0.11825633 ... 1.         0.50003682 0.1179204 ]\n",
      "  [0.02115896 0.0216235  0.0221836  ... 0.50003682 1.         0.77171206]\n",
      "  [0.07125867 0.07434297 0.0776981  ... 0.1179204  0.77171206 1.        ]]\n",
      "\n",
      " [[1.         0.98918385 0.95514976 ... 0.10677816 0.01492368 0.06374401]\n",
      "  [0.98918385 1.         0.98711253 ... 0.10452114 0.01804665 0.07073831]\n",
      "  [0.95514976 0.98711253 1.         ... 0.09858262 0.02208636 0.0803437 ]\n",
      "  ...\n",
      "  [0.10677816 0.10452114 0.09858262 ... 1.         0.45016391 0.10246754]\n",
      "  [0.01492368 0.01804665 0.02208636 ... 0.45016391 1.         0.81203661]\n",
      "  [0.06374401 0.07073831 0.0803437  ... 0.10246754 0.81203661 1.        ]]\n",
      "\n",
      " ...\n",
      "\n",
      " [[1.         0.99888172 0.99539325 ... 0.51516124 0.21656711 0.20110362]\n",
      "  [0.99888172 1.         0.99871479 ... 0.51094414 0.21609595 0.201103  ]\n",
      "  [0.99539325 0.99871479 1.         ... 0.50490596 0.21543434 0.20139338]\n",
      "  ...\n",
      "  [0.51516124 0.51094414 0.50490596 ... 1.         0.47345126 0.28947249]\n",
      "  [0.21656711 0.21609595 0.21543434 ... 0.47345126 1.         0.92724203]\n",
      "  [0.20110362 0.201103   0.20139338 ... 0.28947249 0.92724203 1.        ]]\n",
      "\n",
      " [[1.         0.99629593 0.98451614 ... 0.36896925 0.07396145 0.0587187 ]\n",
      "  [0.99629593 1.         0.99567421 ... 0.37577909 0.07244354 0.05839055]\n",
      "  [0.98451614 0.99567421 1.         ... 0.37659244 0.06845467 0.05720126]\n",
      "  ...\n",
      "  [0.36896925 0.37577909 0.37659244 ... 1.         0.43926915 0.14988221]\n",
      "  [0.07396145 0.07244354 0.06845467 ... 0.43926915 1.         0.84415523]\n",
      "  [0.0587187  0.05839055 0.05720126 ... 0.14988221 0.84415523 1.        ]]\n",
      "\n",
      " [[1.         0.99165539 0.96444931 ... 0.0850704  0.00854879 0.02139399]\n",
      "  [0.99165539 1.         0.98992401 ... 0.09640774 0.00829655 0.02405053]\n",
      "  [0.96444931 0.98992401 1.         ... 0.10692021 0.00790215 0.02827899]\n",
      "  ...\n",
      "  [0.0850704  0.09640774 0.10692021 ... 1.         0.44767718 0.08351361]\n",
      "  [0.00854879 0.00829655 0.00790215 ... 0.44767718 1.         0.74865433]\n",
      "  [0.02139399 0.02405053 0.02827899 ... 0.08351361 0.74865433 1.        ]]]\n",
      "[[[1.         0.98604528 0.94461058 ... 0.10833335 0.07248568 0.04983325]\n",
      "  [0.98604528 1.         0.98569414 ... 0.10794493 0.08266236 0.06019807]\n",
      "  [0.94461058 0.98569414 1.         ... 0.10674172 0.08982522 0.06938693]\n",
      "  ...\n",
      "  [0.10833335 0.10794493 0.10674172 ... 1.         0.30380037 0.05347876]\n",
      "  [0.07248568 0.08266236 0.08982522 ... 0.30380037 1.         0.62707962]\n",
      "  [0.04983325 0.06019807 0.06938693 ... 0.05347876 0.62707962 1.        ]]\n",
      "\n",
      " [[1.         0.98493917 0.94064128 ... 0.15884119 0.01436998 0.01992704]\n",
      "  [0.98493917 1.         0.98472227 ... 0.15956141 0.0163986  0.02245037]\n",
      "  [0.94064128 0.98472227 1.         ... 0.15735701 0.01813318 0.02459146]\n",
      "  ...\n",
      "  [0.15884119 0.15956141 0.15735701 ... 1.         0.39359816 0.05396105]\n",
      "  [0.01436998 0.0163986  0.01813318 ... 0.39359816 1.         0.54060243]\n",
      "  [0.01992704 0.02245037 0.02459146 ... 0.05396105 0.54060243 1.        ]]\n",
      "\n",
      " [[1.         0.98685958 0.94865063 ... 0.31133918 0.06575838 0.02526735]\n",
      "  [0.98685958 1.         0.98689853 ... 0.3184143  0.06414342 0.0231431 ]\n",
      "  [0.94865063 0.98689853 1.         ... 0.3166378  0.05998608 0.02027573]\n",
      "  ...\n",
      "  [0.31133918 0.3184143  0.3166378  ... 1.         0.56878683 0.17571197]\n",
      "  [0.06575838 0.06414342 0.05998608 ... 0.56878683 1.         0.65983086]\n",
      "  [0.02526735 0.0231431  0.02027573 ... 0.17571197 0.65983086 1.        ]]\n",
      "\n",
      " ...\n",
      "\n",
      " [[1.         0.99903873 0.9963173  ... 0.65338292 0.13316492 0.11272264]\n",
      "  [0.99903873 1.         0.9990661  ... 0.65336938 0.13176531 0.11153372]\n",
      "  [0.9963173  0.9990661  1.         ... 0.65076685 0.12988278 0.11053467]\n",
      "  ...\n",
      "  [0.65338292 0.65336938 0.65076685 ... 1.         0.42902532 0.24779798]\n",
      "  [0.13316492 0.13176531 0.12988278 ... 0.42902532 1.         0.90296784]\n",
      "  [0.11272264 0.11153372 0.11053467 ... 0.24779798 0.90296784 1.        ]]\n",
      "\n",
      " [[1.         0.99446773 0.97804669 ... 0.1458444  0.0581447  0.03625039]\n",
      "  [0.99446773 1.         0.99385756 ... 0.14985923 0.05982854 0.03703609]\n",
      "  [0.97804669 0.99385756 1.         ... 0.14246512 0.05618438 0.03625312]\n",
      "  ...\n",
      "  [0.1458444  0.14985923 0.14246512 ... 1.         0.70769673 0.36633904]\n",
      "  [0.0581447  0.05982854 0.05618438 ... 0.70769673 1.         0.8264166 ]\n",
      "  [0.03625039 0.03703609 0.03625312 ... 0.36633904 0.8264166  1.        ]]\n",
      "\n",
      " [[1.         0.99286959 0.97200389 ... 0.07933265 0.02740729 0.01748694]\n",
      "  [0.99286959 1.         0.99198351 ... 0.08369662 0.0293861  0.01830254]\n",
      "  [0.97200389 0.99198351 1.         ... 0.07820468 0.02635482 0.0171978 ]\n",
      "  ...\n",
      "  [0.07933265 0.08369662 0.07820468 ... 1.         0.75571854 0.43965747]\n",
      "  [0.02740729 0.0293861  0.02635482 ... 0.75571854 1.         0.82430796]\n",
      "  [0.01748694 0.01830254 0.0171978  ... 0.43965747 0.82430796 1.        ]]]\n",
      "[[[1.         0.99681913 0.98678962 ... 0.13711108 0.01404079 0.02295896]\n",
      "  [0.99681913 1.         0.99629179 ... 0.14322314 0.01342613 0.02266731]\n",
      "  [0.98678962 0.99629179 1.         ... 0.15135475 0.01230342 0.02188443]\n",
      "  ...\n",
      "  [0.13711108 0.14322314 0.15135475 ... 1.         0.41480902 0.15447671]\n",
      "  [0.01404079 0.01342613 0.01230342 ... 0.41480902 1.         0.88238858]\n",
